2.0000e+00   5.0000e+00   1.0000e+01   1.7000e+01   2.6000e+01   3.7000e+01   5.0000e+01   6.5000e+01   8.2000e+01   1.0100e+02   1.2200e+02   1.4500e+02   1.7000e+02   1.9700e+02   2.2600e+02   2.5700e+02   2.9000e+02   3.2500e+02   3.6200e+02   4.0100e+02   4.4200e+02   4.8500e+02   5.3000e+02   5.7700e+02   6.2600e+02   6.7700e+02   7.3000e+02   7.8500e+02   8.4200e+02   9.0100e+02
5.0000e+00   8.0000e+00   1.3000e+01   2.0000e+01   2.9000e+01   4.0000e+01   5.3000e+01   6.8000e+01   8.5000e+01   1.0400e+02   1.2500e+02   1.4800e+02   1.7300e+02   2.0000e+02   2.2900e+02   2.6000e+02   2.9300e+02   3.2800e+02   3.6500e+02   4.0400e+02   4.4500e+02   4.8800e+02   5.3300e+02   5.8000e+02   6.2900e+02   6.8000e+02   7.3300e+02   7.8800e+02   8.4500e+02   9.0400e+02
1.0000e+01   1.3000e+01   1.8000e+01   2.5000e+01   3.4000e+01   4.5000e+01   5.8000e+01   7.3000e+01   9.0000e+01   1.0900e+02   1.3000e+02   1.5300e+02   1.7800e+02   2.0500e+02   2.3400e+02   2.6500e+02   2.9800e+02   3.3300e+02   3.7000e+02   4.0900e+02   4.5000e+02   4.9300e+02   5.3800e+02   5.8500e+02   6.3400e+02   6.8500e+02   7.3800e+02   7.9300e+02   8.5000e+02   9.0900e+02
1.7000e+01   2.0000e+01   2.5000e+01   3.2000e+01   4.1000e+01   5.2000e+01   6.5000e+01   8.0000e+01   9.7000e+01   1.1600e+02   1.3700e+02   1.6000e+02   1.8500e+02   2.1200e+02   2.4100e+02   2.7200e+02   3.0500e+02   3.4000e+02   3.7700e+02   4.1600e+02   4.5700e+02   5.0000e+02   5.4500e+02   5.9200e+02   6.4100e+02   6.9200e+02   7.4500e+02   8.0000e+02   8.5700e+02   9.1600e+02
2.6000e+01   2.9000e+01   3.4000e+01   4.1000e+01   5.0000e+01   6.1000e+01   7.4000e+01   8.9000e+01   1.0600e+02   1.2500e+02   1.4600e+02   1.6900e+02   1.9400e+02   2.2100e+02   2.5000e+02   2.8100e+02   3.1400e+02   3.4900e+02   3.8600e+02   4.2500e+02   4.6600e+02   5.0900e+02   5.5400e+02   6.0100e+02   6.5000e+02   7.0100e+02   7.5400e+02   8.0900e+02   8.6600e+02   9.2500e+02
3.7000e+01   4.0000e+01   4.5000e+01   5.2000e+01   6.1000e+01   7.2000e+01   8.5000e+01   1.0000e+02   1.1700e+02   1.3600e+02   1.5700e+02   1.8000e+02   2.0500e+02   2.3200e+02   2.6100e+02   2.9200e+02   3.2500e+02   3.6000e+02   3.9700e+02   4.3600e+02   4.7700e+02   5.2000e+02   5.6500e+02   6.1200e+02   6.6100e+02   7.1200e+02   7.6500e+02   8.2000e+02   8.7700e+02   9.3600e+02
5.0000e+01   5.3000e+01   5.8000e+01   6.5000e+01   7.4000e+01   8.5000e+01   9.8000e+01   1.1300e+02   1.3000e+02   1.4900e+02   1.7000e+02   1.9300e+02   2.1800e+02   2.4500e+02   2.7400e+02   3.0500e+02   3.3800e+02   3.7300e+02   4.1000e+02   4.4900e+02   4.9000e+02   5.3300e+02   5.7800e+02   6.2500e+02   6.7400e+02   7.2500e+02   7.7800e+02   8.3300e+02   8.9000e+02   9.4900e+02
6.5000e+01   6.8000e+01   7.3000e+01   8.0000e+01   8.9000e+01   1.0000e+02   1.1300e+02   1.2800e+02   1.4500e+02   1.6400e+02   1.8500e+02   2.0800e+02   2.3300e+02   2.6000e+02   2.8900e+02   3.2000e+02   3.5300e+02   3.8800e+02   4.2500e+02   4.6400e+02   5.0500e+02   5.4800e+02   5.9300e+02   6.4000e+02   6.8900e+02   7.4000e+02   7.9300e+02   8.4800e+02   9.0500e+02   9.6400e+02
8.2000e+01   8.5000e+01   9.0000e+01   9.7000e+01   1.0600e+02   1.1700e+02   1.3000e+02   1.4500e+02   1.6200e+02   1.8100e+02   2.0200e+02   2.2500e+02   2.5000e+02   2.7700e+02   3.0600e+02   3.3700e+02   3.7000e+02   4.0500e+02   4.4200e+02   4.8100e+02   5.2200e+02   5.6500e+02   6.1000e+02   6.5700e+02   7.0600e+02   7.5700e+02   8.1000e+02   8.6500e+02   9.2200e+02   9.8100e+02
1.0100e+02   1.0400e+02   1.0900e+02   1.1600e+02   1.2500e+02   1.3600e+02   1.4900e+02   1.6400e+02   1.8100e+02   2.0000e+02   2.2100e+02   2.4400e+02   2.6900e+02   2.9600e+02   3.2500e+02   3.5600e+02   3.8900e+02   4.2400e+02   4.6100e+02   5.0000e+02   5.4100e+02   5.8400e+02   6.2900e+02   6.7600e+02   7.2500e+02   7.7600e+02   8.2900e+02   8.8400e+02   9.4100e+02   1.0000e+03
1.2200e+02   1.2500e+02   1.3000e+02   1.3700e+02   1.4600e+02   1.5700e+02   1.7000e+02   1.8500e+02   2.0200e+02   2.2100e+02   2.4200e+02   2.6500e+02   2.9000e+02   3.1700e+02   3.4600e+02   3.7700e+02   4.1000e+02   4.4500e+02   4.8200e+02   5.2100e+02   5.6200e+02   6.0500e+02   6.5000e+02   6.9700e+02   7.4600e+02   7.9700e+02   8.5000e+02   9.0500e+02   9.6200e+02   1.0210e+03
1.4500e+02   1.4800e+02   1.5300e+02   1.6000e+02   1.6900e+02   1.8000e+02   1.9300e+02   2.0800e+02   2.2500e+02   2.4400e+02   2.6500e+02   2.8800e+02   3.1300e+02   3.4000e+02   3.6900e+02   4.0000e+02   4.3300e+02   4.6800e+02   5.0500e+02   5.4400e+02   5.8500e+02   6.2800e+02   6.7300e+02   7.2000e+02   7.6900e+02   8.2000e+02   8.7300e+02   9.2800e+02   9.8500e+02   1.0440e+03
1.7000e+02   1.7300e+02   1.7800e+02   1.8500e+02   1.9400e+02   2.0500e+02   2.1800e+02   2.3300e+02   2.5000e+02   2.6900e+02   2.9000e+02   3.1300e+02   3.3800e+02   3.6500e+02   3.9400e+02   4.2500e+02   4.5800e+02   4.9300e+02   5.3000e+02   5.6900e+02   6.1000e+02   6.5300e+02   6.9800e+02   7.4500e+02   7.9400e+02   8.4500e+02   8.9800e+02   9.5300e+02   1.0100e+03   1.0690e+03
1.9700e+02   2.0000e+02   2.0500e+02   2.1200e+02   2.2100e+02   2.3200e+02   2.4500e+02   2.6000e+02   2.7700e+02   2.9600e+02   3.1700e+02   3.4000e+02   3.6500e+02   3.9200e+02   4.2100e+02   4.5200e+02   4.8500e+02   5.2000e+02   5.5700e+02   5.9600e+02   6.3700e+02   6.8000e+02   7.2500e+02   7.7200e+02   8.2100e+02   8.7200e+02   9.2500e+02   9.8000e+02   1.0370e+03   1.0960e+03
2.2600e+02   2.2900e+02   2.3400e+02   2.4100e+02   2.5000e+02   2.6100e+02   2.7400e+02   2.8900e+02   3.0600e+02   3.2500e+02   3.4600e+02   3.6900e+02   3.9400e+02   4.2100e+02   4.5000e+02   4.8100e+02   5.1400e+02   5.4900e+02   5.8600e+02   6.2500e+02   6.6600e+02   7.0900e+02   7.5400e+02   8.0100e+02   8.5000e+02   9.0100e+02   9.5400e+02   1.0090e+03   1.0660e+03   1.1250e+03
2.5700e+02   2.6000e+02   2.6500e+02   2.7200e+02   2.8100e+02   2.9200e+02   3.0500e+02   3.2000e+02   3.3700e+02   3.5600e+02   3.7700e+02   4.0000e+02   4.2500e+02   4.5200e+02   4.8100e+02   5.1200e+02   5.4500e+02   5.8000e+02   6.1700e+02   6.5600e+02   6.9700e+02   7.4000e+02   7.8500e+02   8.3200e+02   8.8100e+02   9.3200e+02   9.8500e+02   1.0400e+03   1.0970e+03   1.1560e+03
2.9000e+02   2.9300e+02   2.9800e+02   3.0500e+02   3.1400e+02   3.2500e+02   3.3800e+02   3.5300e+02   3.7000e+02   3.8900e+02   4.1000e+02   4.3300e+02   4.5800e+02   4.8500e+02   5.1400e+02   5.4500e+02   5.7800e+02   6.1300e+02   6.5000e+02   6.8900e+02   7.3000e+02   7.7300e+02   8.1800e+02   8.6500e+02   9.1400e+02   9.6500e+02   1.0180e+03   1.0730e+03   1.1300e+03   1.1890e+03
3.2500e+02   3.2800e+02   3.3300e+02   3.4000e+02   3.4900e+02   3.6000e+02   3.7300e+02   3.8800e+02   4.0500e+02   4.2400e+02   4.4500e+02   4.6800e+02   4.9300e+02   5.2000e+02   5.4900e+02   5.8000e+02   6.1300e+02   6.4800e+02   6.8500e+02   7.2400e+02   7.6500e+02   8.0800e+02   8.5300e+02   9.0000e+02   9.4900e+02   1.0000e+03   1.0530e+03   1.1080e+03   1.1650e+03   1.2240e+03
3.6200e+02   3.6500e+02   3.7000e+02   3.7700e+02   3.8600e+02   3.9700e+02   4.1000e+02   4.2500e+02   4.4200e+02   4.6100e+02   4.8200e+02   5.0500e+02   5.3000e+02   5.5700e+02   5.8600e+02   6.1700e+02   6.5000e+02   6.8500e+02   7.2200e+02   7.6100e+02   8.0200e+02   8.4500e+02   8.9000e+02   9.3700e+02   9.8600e+02   1.0370e+03   1.0900e+03   1.1450e+03   1.2020e+03   1.2610e+03
4.0100e+02   4.0400e+02   4.0900e+02   4.1600e+02   4.2500e+02   4.3600e+02   4.4900e+02   4.6400e+02   4.8100e+02   5.0000e+02   5.2100e+02   5.4400e+02   5.6900e+02   5.9600e+02   6.2500e+02   6.5600e+02   6.8900e+02   7.2400e+02   7.6100e+02   8.0000e+02   8.4100e+02   8.8400e+02   9.2900e+02   9.7600e+02   1.0250e+03   1.0760e+03   1.1290e+03   1.1840e+03   1.2410e+03   1.3000e+03
4.4200e+02   4.4500e+02   4.5000e+02   4.5700e+02   4.6600e+02   4.7700e+02   4.9000e+02   5.0500e+02   5.2200e+02   5.4100e+02   5.6200e+02   5.8500e+02   6.1000e+02   6.3700e+02   6.6600e+02   6.9700e+02   7.3000e+02   7.6500e+02   8.0200e+02   8.4100e+02   8.8200e+02   9.2500e+02   9.7000e+02   1.0170e+03   1.0660e+03   1.1170e+03   1.1700e+03   1.2250e+03   1.2820e+03   1.3410e+03
4.8500e+02   4.8800e+02   4.9300e+02   5.0000e+02   5.0900e+02   5.2000e+02   5.3300e+02   5.4800e+02   5.6500e+02   5.8400e+02   6.0500e+02   6.2800e+02   6.5300e+02   6.8000e+02   7.0900e+02   7.4000e+02   7.7300e+02   8.0800e+02   8.4500e+02   8.8400e+02   9.2500e+02   9.6800e+02   1.0130e+03   1.0600e+03   1.1090e+03   1.1600e+03   1.2130e+03   1.2680e+03   1.3250e+03   1.3840e+03
5.3000e+02   5.3300e+02   5.3800e+02   5.4500e+02   5.5400e+02   5.6500e+02   5.7800e+02   5.9300e+02   6.1000e+02   6.2900e+02   6.5000e+02   6.7300e+02   6.9800e+02   7.2500e+02   7.5400e+02   7.8500e+02   8.1800e+02   8.5300e+02   8.9000e+02   9.2900e+02   9.7000e+02   1.0130e+03   1.0580e+03   1.1050e+03   1.1540e+03   1.2050e+03   1.2580e+03   1.3130e+03   1.3700e+03   1.4290e+03
5.7700e+02   5.8000e+02   5.8500e+02   5.9200e+02   6.0100e+02   6.1200e+02   6.2500e+02   6.4000e+02   6.5700e+02   6.7600e+02   6.9700e+02   7.2000e+02   7.4500e+02   7.7200e+02   8.0100e+02   8.3200e+02   8.6500e+02   9.0000e+02   9.3700e+02   9.7600e+02   1.0170e+03   1.0600e+03   1.1050e+03   1.1520e+03   1.2010e+03   1.2520e+03   1.3050e+03   1.3600e+03   1.4170e+03   1.4760e+03
6.2600e+02   6.2900e+02   6.3400e+02   6.4100e+02   6.5000e+02   6.6100e+02   6.7400e+02   6.8900e+02   7.0600e+02   7.2500e+02   7.4600e+02   7.6900e+02   7.9400e+02   8.2100e+02   8.5000e+02   8.8100e+02   9.1400e+02   9.4900e+02   9.8600e+02   1.0250e+03   1.0660e+03   1.1090e+03   1.1540e+03   1.2010e+03   1.2500e+03   1.3010e+03   1.3540e+03   1.4090e+03   1.4660e+03   1.5250e+03
6.7700e+02   6.8000e+02   6.8500e+02   6.9200e+02   7.0100e+02   7.1200e+02   7.2500e+02   7.4000e+02   7.5700e+02   7.7600e+02   7.9700e+02   8.2000e+02   8.4500e+02   8.7200e+02   9.0100e+02   9.3200e+02   9.6500e+02   1.0000e+03   1.0370e+03   1.0760e+03   1.1170e+03   1.1600e+03   1.2050e+03   1.2520e+03   1.3010e+03   1.3520e+03   1.4050e+03   1.4600e+03   1.5170e+03   1.5760e+03
7.3000e+02   7.3300e+02   7.3800e+02   7.4500e+02   7.5400e+02   7.6500e+02   7.7800e+02   7.9300e+02   8.1000e+02   8.2900e+02   8.5000e+02   8.7300e+02   8.9800e+02   9.2500e+02   9.5400e+02   9.8500e+02   1.0180e+03   1.0530e+03   1.0900e+03   1.1290e+03   1.1700e+03   1.2130e+03   1.2580e+03   1.3050e+03   1.3540e+03   1.4050e+03   1.4580e+03   1.5130e+03   1.5700e+03   1.6290e+03
7.8500e+02   7.8800e+02   7.9300e+02   8.0000e+02   8.0900e+02   8.2000e+02   8.3300e+02   8.4800e+02   8.6500e+02   8.8400e+02   9.0500e+02   9.2800e+02   9.5300e+02   9.8000e+02   1.0090e+03   1.0400e+03   1.0730e+03   1.1080e+03   1.1450e+03   1.1840e+03   1.2250e+03   1.2680e+03   1.3130e+03   1.3600e+03   1.4090e+03   1.4600e+03   1.5130e+03   1.5680e+03   1.6250e+03   1.6840e+03
8.4200e+02   8.4500e+02   8.5000e+02   8.5700e+02   8.6600e+02   8.7700e+02   8.9000e+02   9.0500e+02   9.2200e+02   9.4100e+02   9.6200e+02   9.8500e+02   1.0100e+03   1.0370e+03   1.0660e+03   1.0970e+03   1.1300e+03   1.1650e+03   1.2020e+03   1.2410e+03   1.2820e+03   1.3250e+03   1.3700e+03   1.4170e+03   1.4660e+03   1.5170e+03   1.5700e+03   1.6250e+03   1.6820e+03   1.7410e+03
9.0100e+02   9.0400e+02   9.0900e+02   9.1600e+02   9.2500e+02   9.3600e+02   9.4900e+02   9.6400e+02   9.8100e+02   1.0000e+03   1.0210e+03   1.0440e+03   1.0690e+03   1.0960e+03   1.1250e+03   1.1560e+03   1.1890e+03   1.2240e+03   1.2610e+03   1.3000e+03   1.3410e+03   1.3840e+03   1.4290e+03   1.4760e+03   1.5250e+03   1.5760e+03   1.6290e+03   1.6840e+03   1.7410e+03   1.8000e+03
9.6200e+02   9.6500e+02   9.7000e+02   9.7700e+02   9.8600e+02   9.9700e+02   1.0100e+03   1.0250e+03   1.0420e+03   1.0610e+03   1.0820e+03   1.1050e+03   1.1300e+03   1.1570e+03   1.1860e+03   1.2170e+03   1.2500e+03   1.2850e+03   1.3220e+03   1.3610e+03   1.4020e+03   1.4450e+03   1.4900e+03   1.5370e+03   1.5860e+03   1.6370e+03   1.6900e+03   1.7450e+03   1.8020e+03   1.8610e+03
1.0250e+03   1.0280e+03   1.0330e+03   1.0400e+03   1.0490e+03   1.0600e+03   1.0730e+03   1.0880e+03   1.1050e+03   1.1240e+03   1.1450e+03   1.1680e+03   1.1930e+03   1.2200e+03   1.2490e+03   1.2800e+03   1.3130e+03   1.3480e+03   1.3850e+03   1.4240e+03   1.4650e+03   1.5080e+03   1.5530e+03   1.6000e+03   1.6490e+03   1.7000e+03   1.7530e+03   1.8080e+03   1.8650e+03   1.9240e+03
1.0900e+03   1.0930e+03   1.0980e+03   1.1050e+03   1.1140e+03   1.1250e+03   1.1380e+03   1.1530e+03   1.1700e+03   1.1890e+03   1.2100e+03   1.2330e+03   1.2580e+03   1.2850e+03   1.3140e+03   1.3450e+03   1.3780e+03   1.4130e+03   1.4500e+03   1.4890e+03   1.5300e+03   1.5730e+03   1.6180e+03   1.6650e+03   1.7140e+03   1.7650e+03   1.8180e+03   1.8730e+03   1.9300e+03   1.9890e+03
1.1570e+03   1.1600e+03   1.1650e+03   1.1720e+03   1.1810e+03   1.1920e+03   1.2050e+03   1.2200e+03   1.2370e+03   1.2560e+03   1.2770e+03   1.3000e+03   1.3250e+03   1.3520e+03   1.3810e+03   1.4120e+03   1.4450e+03   1.4800e+03   1.5170e+03   1.5560e+03   1.5970e+03   1.6400e+03   1.6850e+03   1.7320e+03   1.7810e+03   1.8320e+03   1.8850e+03   1.9400e+03   1.9970e+03   2.0560e+03
1.2260e+03   1.2290e+03   1.2340e+03   1.2410e+03   1.2500e+03   1.2610e+03   1.2740e+03   1.2890e+03   1.3060e+03   1.3250e+03   1.3460e+03   1.3690e+03   1.3940e+03   1.4210e+03   1.4500e+03   1.4810e+03   1.5140e+03   1.5490e+03   1.5860e+03   1.6250e+03   1.6660e+03   1.7090e+03   1.7540e+03   1.8010e+03   1.8500e+03   1.9010e+03   1.9540e+03   2.0090e+03   2.0660e+03   2.1250e+03
1.2970e+03   1.3000e+03   1.3050e+03   1.3120e+03   1.3210e+03   1.3320e+03   1.3450e+03   1.3600e+03   1.3770e+03   1.3960e+03   1.4170e+03   1.4400e+03   1.4650e+03   1.4920e+03   1.5210e+03   1.5520e+03   1.5850e+03   1.6200e+03   1.6570e+03   1.6960e+03   1.7370e+03   1.7800e+03   1.8250e+03   1.8720e+03   1.9210e+03   1.9720e+03   2.0250e+03   2.0800e+03   2.1370e+03   2.1960e+03
1.3700e+03   1.3730e+03   1.3780e+03   1.3850e+03   1.3940e+03   1.4050e+03   1.4180e+03   1.4330e+03   1.4500e+03   1.4690e+03   1.4900e+03   1.5130e+03   1.5380e+03   1.5650e+03   1.5940e+03   1.6250e+03   1.6580e+03   1.6930e+03   1.7300e+03   1.7690e+03   1.8100e+03   1.8530e+03   1.8980e+03   1.9450e+03   1.9940e+03   2.0450e+03   2.0980e+03   2.1530e+03   2.2100e+03   2.2690e+03
1.4450e+03   1.4480e+03   1.4530e+03   1.4600e+03   1.4690e+03   1.4800e+03   1.4930e+03   1.5080e+03   1.5250e+03   1.5440e+03   1.5650e+03   1.5880e+03   1.6130e+03   1.6400e+03   1.6690e+03   1.7000e+03   1.7330e+03   1.7680e+03   1.8050e+03   1.8440e+03   1.8850e+03   1.9280e+03   1.9730e+03   2.0200e+03   2.0690e+03   2.1200e+03   2.1730e+03   2.2280e+03   2.2850e+03   2.3440e+03
1.5220e+03   1.5250e+03   1.5300e+03   1.5370e+03   1.5460e+03   1.5570e+03   1.5700e+03   1.5850e+03   1.6020e+03   1.6210e+03   1.6420e+03   1.6650e+03   1.6900e+03   1.7170e+03   1.7460e+03   1.7770e+03   1.8100e+03   1.8450e+03   1.8820e+03   1.9210e+03   1.9620e+03   2.0050e+03   2.0500e+03   2.0970e+03   2.1460e+03   2.1970e+03   2.2500e+03   2.3050e+03   2.3620e+03   2.4210e+03
1.6010e+03   1.6040e+03   1.6090e+03   1.6160e+03   1.6250e+03   1.6360e+03   1.6490e+03   1.6640e+03   1.6810e+03   1.7000e+03   1.7210e+03   1.7440e+03   1.7690e+03   1.7960e+03   1.8250e+03   1.8560e+03   1.8890e+03   1.9240e+03   1.9610e+03   2.0000e+03   2.0410e+03   2.0840e+03   2.1290e+03   2.1760e+03   2.2250e+03   2.2760e+03   2.3290e+03   2.3840e+03   2.4410e+03   2.5000e+03
1.6820e+03   1.6850e+03   1.6900e+03   1.6970e+03   1.7060e+03   1.7170e+03   1.7300e+03   1.7450e+03   1.7620e+03   1.7810e+03   1.8020e+03   1.8250e+03   1.8500e+03   1.8770e+03   1.9060e+03   1.9370e+03   1.9700e+03   2.0050e+03   2.0420e+03   2.0810e+03   2.1220e+03   2.1650e+03   2.2100e+03   2.2570e+03   2.3060e+03   2.3570e+03   2.4100e+03   2.4650e+03   2.5220e+03   2.5810e+03
1.7650e+03   1.7680e+03   1.7730e+03   1.7800e+03   1.7890e+03   1.8000e+03   1.8130e+03   1.8280e+03   1.8450e+03   1.8640e+03   1.8850e+03   1.9080e+03   1.9330e+03   1.9600e+03   1.9890e+03   2.0200e+03   2.0530e+03   2.0880e+03   2.1250e+03   2.1640e+03   2.2050e+03   2.2480e+03   2.2930e+03   2.3400e+03   2.3890e+03   2.4400e+03   2.4930e+03   2.5480e+03   2.6050e+03   2.6640e+03
1.8500e+03   1.8530e+03   1.8580e+03   1.8650e+03   1.8740e+03   1.8850e+03   1.8980e+03   1.9130e+03   1.9300e+03   1.9490e+03   1.9700e+03   1.9930e+03   2.0180e+03   2.0450e+03   2.0740e+03   2.1050e+03   2.1380e+03   2.1730e+03   2.2100e+03   2.2490e+03   2.2900e+03   2.3330e+03   2.3780e+03   2.4250e+03   2.4740e+03   2.5250e+03   2.5780e+03   2.6330e+03   2.6900e+03   2.7490e+03
1.9370e+03   1.9400e+03   1.9450e+03   1.9520e+03   1.9610e+03   1.9720e+03   1.9850e+03   2.0000e+03   2.0170e+03   2.0360e+03   2.0570e+03   2.0800e+03   2.1050e+03   2.1320e+03   2.1610e+03   2.1920e+03   2.2250e+03   2.2600e+03   2.2970e+03   2.3360e+03   2.3770e+03   2.4200e+03   2.4650e+03   2.5120e+03   2.5610e+03   2.6120e+03   2.6650e+03   2.7200e+03   2.7770e+03   2.8360e+03
2.0260e+03   2.0290e+03   2.0340e+03   2.0410e+03   2.0500e+03   2.0610e+03   2.0740e+03   2.0890e+03   2.1060e+03   2.1250e+03   2.1460e+03   2.1690e+03   2.1940e+03   2.2210e+03   2.2500e+03   2.2810e+03   2.3140e+03   2.3490e+03   2.3860e+03   2.4250e+03   2.4660e+03   2.5090e+03   2.5540e+03   2.6010e+03   2.6500e+03   2.7010e+03   2.7540e+03   2.8090e+03   2.8660e+03   2.9250e+03




-1.0059e-05  -1.0029e-05  -9.9785e-06  -9.9080e-06  -9.8174e-06  -9.7066e-06  -9.5757e-06  -9.4246e-06  -9.2534e-06  -9.0621e-06  -8.8506e-06  -8.6190e-06  -8.3672e-06  -8.0953e-06  -7.8033e-06  -7.4911e-06  -7.1587e-06  -6.8063e-06  -6.4337e-06  -6.0409e-06  -5.6280e-06  -5.1950e-06  -4.7418e-06  -4.2685e-06  -3.7750e-06  -3.2614e-06  -2.7277e-06  -2.1738e-06  -1.5998e-06  -1.0056e-06  -3.9132e-07   2.4313e-07   8.9772e-07   1.5724e-06   2.2673e-06   2.9823e-06   3.7175e-06   4.4728e-06   5.2482e-06   6.0438e-06   6.8595e-06   7.6954e-06   8.5514e-06   9.4275e-06   1.0324e-05
-9.9760e-06  -9.9460e-06  -9.8961e-06  -9.8261e-06  -9.7362e-06  -9.6262e-06  -9.4963e-06  -9.3464e-06  -9.1766e-06  -8.9867e-06  -8.7768e-06  -8.5470e-06  -8.2972e-06  -8.0274e-06  -7.7376e-06  -7.4278e-06  -7.0980e-06  -6.7482e-06  -6.3785e-06  -5.9888e-06  -5.5791e-06  -5.1494e-06  -4.6997e-06  -4.2300e-06  -3.7403e-06  -3.2307e-06  -2.7011e-06  -2.1514e-06  -1.5818e-06  -9.9225e-07  -3.8267e-07   2.4689e-07   8.9644e-07   1.5660e-06   2.2555e-06   2.9650e-06   3.6945e-06   4.4440e-06   5.2134e-06   6.0029e-06   6.8123e-06   7.6417e-06   8.4912e-06   9.3606e-06   1.0250e-05
-9.8375e-06  -9.8080e-06  -9.7586e-06  -9.6896e-06  -9.6008e-06  -9.4923e-06  -9.3641e-06  -9.2161e-06  -9.0484e-06  -8.8610e-06  -8.6539e-06  -8.4270e-06  -8.1804e-06  -7.9141e-06  -7.6280e-06  -7.3223e-06  -6.9968e-06  -6.6515e-06  -6.2866e-06  -5.9019e-06  -5.4975e-06  -5.0733e-06  -4.6294e-06  -4.1658e-06  -3.6825e-06  -3.1795e-06  -2.6567e-06  -2.1142e-06  -1.5519e-06  -9.6996e-07  -3.6827e-07   2.5315e-07   8.9430e-07   1.5552e-06   2.2358e-06   2.9361e-06   3.6562e-06   4.3960e-06   5.1555e-06   5.9347e-06   6.7337e-06   7.5524e-06   8.3908e-06   9.2490e-06   1.0127e-05
-9.6437e-06  -9.6147e-06  -9.5662e-06  -9.4985e-06  -9.4113e-06  -9.3048e-06  -9.1789e-06  -9.0337e-06  -8.8691e-06  -8.6851e-06  -8.4818e-06  -8.2590e-06  -8.0170e-06  -7.7555e-06  -7.4747e-06  -7.1746e-06  -6.8550e-06  -6.5161e-06  -6.1579e-06  -5.7802e-06  -5.3832e-06  -4.9669e-06  -4.5311e-06  -4.0760e-06  -3.6016e-06  -3.1077e-06  -2.5945e-06  -2.0620e-06  -1.5100e-06  -9.3876e-07  -3.4810e-07   2.6192e-07   8.9131e-07   1.5401e-06   2.2082e-06   2.8957e-06   3.6025e-06   4.3288e-06   5.0743e-06   5.8393e-06   6.6236e-06   7.4273e-06   8.2503e-06   9.0927e-06   9.9545e-06
-9.3945e-06  -9.3661e-06  -9.3189e-06  -9.2527e-06  -9.1677e-06  -9.0637e-06  -8.9409e-06  -8.7991e-06  -8.6385e-06  -8.4589e-06  -8.2604e-06  -8.0431e-06  -7.8068e-06  -7.5517e-06  -7.2776e-06  -6.9846e-06  -6.6728e-06  -6.3420e-06  -5.9924e-06  -5.6238e-06  -5.2363e-06  -4.8300e-06  -4.4047e-06  -3.9605e-06  -3.4975e-06  -3.0155e-06  -2.5146e-06  -1.9949e-06  -1.4562e-06  -8.9864e-07  -3.2217e-07   2.7320e-07   8.8747e-07   1.5206e-06   2.1727e-06   2.8437e-06   3.5336e-06   4.2423e-06   4.9700e-06   5.7166e-06   6.4821e-06   7.2664e-06   8.0697e-06   8.8919e-06   9.7330e-06
-9.0899e-06  -9.0624e-06  -9.0165e-06  -8.9524e-06  -8.8699e-06  -8.7691e-06  -8.6499e-06  -8.5124e-06  -8.3566e-06  -8.1824e-06  -7.9900e-06  -7.7791e-06  -7.5500e-06  -7.3025e-06  -7.0367e-06  -6.7525e-06  -6.4501e-06  -6.1292e-06  -5.7901e-06  -5.4326e-06  -5.0568e-06  -4.6627e-06  -4.2502e-06  -3.8194e-06  -3.3703e-06  -2.9028e-06  -2.4170e-06  -1.9129e-06  -1.3904e-06  -8.4961e-07  -2.9048e-07   2.8698e-07   8.8278e-07   1.4969e-06   2.1294e-06   2.7801e-06   3.4493e-06   4.1367e-06   4.8425e-06   5.5666e-06   6.3091e-06   7.0699e-06   7.8490e-06   8.6464e-06   9.4622e-06
-8.7299e-06  -8.7034e-06  -8.6592e-06  -8.5974e-06  -8.5180e-06  -8.4208e-06  -8.3060e-06  -8.1736e-06  -8.0235e-06  -7.8557e-06  -7.6703e-06  -7.4672e-06  -7.2464e-06  -7.0080e-06  -6.7520e-06  -6.4782e-06  -6.1868e-06  -5.8778e-06  -5.5511e-06  -5.2067e-06  -4.8447e-06  -4.4650e-06  -4.0676e-06  -3.6526e-06  -3.2199e-06  -2.7696e-06  -2.3016e-06  -1.8159e-06  -1.3126e-06  -7.9166e-07  -2.5302e-07   3.0327e-07   8.7723e-07   1.4688e-06   2.0781e-06   2.7050e-06   3.3496e-06   4.0119e-06   4.6918e-06   5.3894e-06   6.1046e-06   6.8375e-06   7.5881e-06   8.3563e-06   9.1422e-06
-8.3145e-06  -8.2892e-06  -8.2470e-06  -8.1879e-06  -8.1119e-06  -8.0190e-06  -7.9093e-06  -7.7826e-06  -7.6391e-06  -7.4787e-06  -7.3014e-06  -7.1073e-06  -6.8962e-06  -6.6682e-06  -6.4234e-06  -6.1617e-06  -5.8831e-06  -5.5876e-06  -5.2753e-06  -4.9460e-06  -4.5999e-06  -4.2368e-06  -3.8569e-06  -3.4601e-06  -3.0465e-06  -2.6159e-06  -2.1684e-06  -1.7041e-06  -1.2229e-06  -7.2479e-07  -2.0981e-07   3.2206e-07   8.7082e-07   1.4365e-06   2.0190e-06   2.6184e-06   3.2347e-06   3.8679e-06   4.5179e-06   5.1849e-06   5.8687e-06   6.5694e-06   7.2871e-06   8.0215e-06   8.7729e-06
-7.8438e-06  -7.8198e-06  -7.7797e-06  -7.7237e-06  -7.6517e-06  -7.5637e-06  -7.4596e-06  -7.3396e-06  -7.2035e-06  -7.0515e-06  -6.8834e-06  -6.6993e-06  -6.4993e-06  -6.2832e-06  -6.0511e-06  -5.8030e-06  -5.5389e-06  -5.2588e-06  -4.9627e-06  -4.6505e-06  -4.3224e-06  -3.9783e-06  -3.6181e-06  -3.2420e-06  -2.8499e-06  -2.4417e-06  -2.0175e-06  -1.5774e-06  -1.1212e-06  -6.4901e-07  -1.6083e-07   3.4336e-07   8.6356e-07   1.3998e-06   1.9520e-06   2.5202e-06   3.1044e-06   3.7046e-06   4.3209e-06   4.9531e-06   5.6014e-06   6.2656e-06   6.9459e-06   7.6422e-06   8.3544e-06
-7.3176e-06  -7.2951e-06  -7.2575e-06  -7.2049e-06  -7.1373e-06  -7.0547e-06  -6.9571e-06  -6.8444e-06  -6.7167e-06  -6.5739e-06  -6.4162e-06  -6.2434e-06  -6.0556e-06  -5.8528e-06  -5.6349e-06  -5.4021e-06  -5.1542e-06  -4.8912e-06  -4.6133e-06  -4.3203e-06  -4.0123e-06  -3.6893e-06  -3.3513e-06  -2.9982e-06  -2.6301e-06  -2.2470e-06  -1.8489e-06  -1.4357e-06  -1.0075e-06  -5.6432e-07  -1.0609e-07   3.6717e-07   8.5545e-07   1.3588e-06   1.8771e-06   2.4104e-06   2.9588e-06   3.5222e-06   4.1006e-06   4.6941e-06   5.3026e-06   5.9261e-06   6.5646e-06   7.2181e-06   7.8867e-06
-6.7361e-06  -6.7152e-06  -6.6804e-06  -6.6316e-06  -6.5688e-06  -6.4922e-06  -6.4016e-06  -6.2970e-06  -6.1786e-06  -6.0462e-06  -5.8998e-06  -5.7395e-06  -5.5653e-06  -5.3771e-06  -5.1750e-06  -4.9589e-06  -4.7290e-06  -4.4850e-06  -4.2272e-06  -3.9554e-06  -3.6696e-06  -3.3699e-06  -3.0563e-06  -2.7288e-06  -2.3873e-06  -2.0318e-06  -1.6625e-06  -1.2791e-06  -8.8190e-07  -4.7071e-07  -4.5584e-08   3.9348e-07   8.4649e-07   1.3134e-06   1.7943e-06   2.2891e-06   2.7979e-06   3.3206e-06   3.8572e-06   4.4078e-06   4.9723e-06   5.5508e-06   6.1432e-06   6.7495e-06   7.3697e-06
-6.0992e-06  -6.0801e-06  -6.0482e-06  -6.0036e-06  -5.9462e-06  -5.8761e-06  -5.7932e-06  -5.6976e-06  -5.5892e-06  -5.4681e-06  -5.3342e-06  -5.1876e-06  -5.0282e-06  -4.8561e-06  -4.6712e-06  -4.4736e-06  -4.2632e-06  -4.0401e-06  -3.8043e-06  -3.5556e-06  -3.2943e-06  -3.0201e-06  -2.7333e-06  -2.4336e-06  -2.1213e-06  -1.7962e-06  -1.4583e-06  -1.1077e-06  -7.4431e-07  -3.6819e-07   2.0681e-08   4.2230e-07   8.3667e-07   1.2638e-06   1.7037e-06   2.1563e-06   2.6216e-06   3.0998e-06   3.5906e-06   4.0942e-06   4.6106e-06   5.1397e-06   5.6816e-06   6.2362e-06   6.8036e-06
-5.4069e-06  -5.3897e-06  -5.3611e-06  -5.3210e-06  -5.2694e-06  -5.2064e-06  -5.1319e-06  -5.0460e-06  -4.9486e-06  -4.8398e-06  -4.7195e-06  -4.5877e-06  -4.4445e-06  -4.2898e-06  -4.1237e-06  -3.9461e-06  -3.7570e-06  -3.5565e-06  -3.3446e-06  -3.1211e-06  -2.8863e-06  -2.6399e-06  -2.3821e-06  -2.1129e-06  -1.8322e-06  -1.5400e-06  -1.2364e-06  -9.2129e-07  -5.9475e-07  -2.5675e-07   9.2709e-08   4.5362e-07   8.2599e-07   1.2098e-06   1.6051e-06   2.0119e-06   2.4301e-06   2.8597e-06   3.3008e-06   3.7534e-06   4.2174e-06   4.6929e-06   5.1799e-06   5.6783e-06   6.1881e-06
-4.6593e-06  -4.6442e-06  -4.6190e-06  -4.5838e-06  -4.5385e-06  -4.4832e-06  -4.4178e-06  -4.3423e-06  -4.2568e-06  -4.1612e-06  -4.0555e-06  -3.9398e-06  -3.8141e-06  -3.6782e-06  -3.5323e-06  -3.3764e-06  -3.2103e-06  -3.0342e-06  -2.8481e-06  -2.6519e-06  -2.4456e-06  -2.2293e-06  -2.0029e-06  -1.7664e-06  -1.5199e-06  -1.2633e-06  -9.9669e-07  -7.1999e-07  -4.3322e-07  -1.3639e-07   1.7050e-07   4.8745e-07   8.1447e-07   1.1515e-06   1.4987e-06   1.8559e-06   2.2231e-06   2.6005e-06   2.9879e-06   3.3853e-06   3.7928e-06   4.2104e-06   4.6380e-06   5.0757e-06   5.5235e-06
-3.8562e-06  -3.8434e-06  -3.8220e-06  -3.7920e-06  -3.7535e-06  -3.7064e-06  -3.6507e-06  -3.5865e-06  -3.5137e-06  -3.4323e-06  -3.3424e-06  -3.2440e-06  -3.1369e-06  -3.0213e-06  -2.8971e-06  -2.7644e-06  -2.6231e-06  -2.4733e-06  -2.3149e-06  -2.1479e-06  -1.9723e-06  -1.7882e-06  -1.5956e-06  -1.3943e-06  -1.1845e-06  -9.6618e-07  -7.3926e-07  -5.0378e-07  -2.5973e-07  -7.1226e-09   2.5405e-07   5.2379e-07   8.0208e-07   1.0889e-06   1.3844e-06   1.6884e-06   2.0009e-06   2.3220e-06   2.6517e-06   2.9899e-06   3.3367e-06   3.6921e-06   4.0560e-06   4.4285e-06   4.8096e-06
-2.9978e-06  -2.9873e-06  -2.9699e-06  -2.9456e-06  -2.9142e-06  -2.8760e-06  -2.8307e-06  -2.7785e-06  -2.7193e-06  -2.6532e-06  -2.5801e-06  -2.5001e-06  -2.4131e-06  -2.3191e-06  -2.2182e-06  -2.1103e-06  -1.9954e-06  -1.8736e-06  -1.7448e-06  -1.6091e-06  -1.4664e-06  -1.3168e-06  -1.1601e-06  -9.9657e-07  -8.2604e-07  -6.4854e-07  -4.6408e-07  -2.7266e-07  -7.4278e-08   1.3106e-07   3.4336e-07   5.6263e-07   7.8885e-07   1.0220e-06   1.2622e-06   1.5093e-06   1.7633e-06   2.0244e-06   2.2924e-06   2.5673e-06   2.8492e-06   3.1381e-06   3.4339e-06   3.7367e-06   4.0465e-06
-2.0840e-06  -2.0761e-06  -2.0629e-06  -2.0445e-06  -2.0209e-06  -1.9920e-06  -1.9578e-06  -1.9184e-06  -1.8738e-06  -1.8238e-06  -1.7687e-06  -1.7082e-06  -1.6425e-06  -1.5716e-06  -1.4954e-06  -1.4139e-06  -1.3272e-06  -1.2353e-06  -1.1381e-06  -1.0356e-06  -9.2786e-07  -8.1488e-07  -6.9664e-07  -5.7315e-07  -4.4440e-07  -3.1040e-07  -1.7114e-07  -2.6627e-08   1.2314e-07   2.7816e-07   4.3844e-07   6.0397e-07   7.7476e-07   9.5080e-07   1.1321e-06   1.3187e-06   1.5105e-06   1.7075e-06   1.9098e-06   2.1174e-06   2.3302e-06   2.5483e-06   2.7717e-06   3.0003e-06   3.2341e-06
-1.1148e-06  -1.1096e-06  -1.1010e-06  -1.0889e-06  -1.0734e-06  -1.0545e-06  -1.0321e-06  -1.0062e-06  -9.7693e-07  -9.4419e-07  -9.0801e-07  -8.6838e-07  -8.2531e-07  -7.7879e-07  -7.2882e-07  -6.7541e-07  -6.1855e-07  -5.5825e-07  -4.9450e-07  -4.2730e-07  -3.5666e-07  -2.8257e-07  -2.0504e-07  -1.2406e-07  -3.9636e-08   4.8235e-08   1.3955e-07   2.3431e-07   3.3252e-07   4.3418e-07   5.3928e-07   6.4783e-07   7.5982e-07   8.7526e-07   9.9414e-07   1.1165e-06   1.2422e-06   1.3715e-06   1.5041e-06   1.6403e-06   1.7798e-06   1.9228e-06   2.0693e-06   2.2192e-06   2.3725e-06
-9.0183e-08  -8.7883e-08  -8.4050e-08  -7.8682e-08  -7.1782e-08  -6.3348e-08  -5.3380e-08  -4.1879e-08  -2.8845e-08  -1.4277e-08   1.8245e-09   1.9459e-08   3.8628e-08   5.9329e-08   8.1565e-08   1.0533e-07   1.3064e-07   1.5747e-07   1.8584e-07   2.1574e-07   2.4718e-07   2.8015e-07   3.1465e-07   3.5069e-07   3.8826e-07   4.2736e-07   4.6800e-07   5.1017e-07   5.5387e-07   5.9911e-07   6.4588e-07   6.9418e-07   7.4402e-07   7.9539e-07   8.4830e-07   9.0273e-07   9.5871e-07   1.0162e-06   1.0752e-06   1.1358e-06   1.1979e-06   1.2616e-06   1.3267e-06   1.3934e-06   1.4617e-06
 9.8978e-07   9.8906e-07   9.8785e-07   9.8616e-07   9.8399e-07   9.8134e-07   9.7820e-07   9.7459e-07   9.7049e-07   9.6590e-07   9.6084e-07   9.5529e-07   9.4926e-07   9.4275e-07   9.3575e-07   9.2828e-07   9.2032e-07   9.1188e-07   9.0295e-07   8.9355e-07   8.8366e-07   8.7329e-07   8.6243e-07   8.5110e-07   8.3928e-07   8.2698e-07   8.1420e-07   8.0093e-07   7.8718e-07   7.7295e-07   7.5824e-07   7.4305e-07   7.2737e-07   7.1121e-07   6.9457e-07   6.7745e-07   6.5984e-07   6.4175e-07   6.2318e-07   6.0413e-07   5.8459e-07   5.6457e-07   5.4407e-07   5.2309e-07   5.0162e-07
 2.1251e-06   2.1212e-06   2.1147e-06   2.1056e-06   2.0939e-06   2.0796e-06   2.0627e-06   2.0432e-06   2.0211e-06   1.9963e-06   1.9690e-06   1.9391e-06   1.9066e-06   1.8715e-06   1.8337e-06   1.7934e-06   1.7505e-06   1.7050e-06   1.6568e-06   1.6061e-06   1.5528e-06   1.4968e-06   1.4383e-06   1.3772e-06   1.3134e-06   1.2471e-06   1.1782e-06   1.1066e-06   1.0325e-06   9.5572e-07   8.7637e-07   7.9442e-07   7.0987e-07   6.2271e-07   5.3296e-07   4.4060e-07   3.4565e-07   2.4809e-07   1.4793e-07   4.5163e-08  -6.0201e-08  -1.6817e-07  -2.7873e-07  -3.9190e-07  -5.0767e-07
 3.3159e-06   3.3086e-06   3.2966e-06   3.2797e-06   3.2580e-06   3.2314e-06   3.2001e-06   3.1639e-06   3.1229e-06   3.0771e-06   3.0264e-06   2.9709e-06   2.9106e-06   2.8455e-06   2.7755e-06   2.7008e-06   2.6212e-06   2.5368e-06   2.4475e-06   2.3534e-06   2.2545e-06   2.1508e-06   2.0423e-06   1.9289e-06   1.8107e-06   1.6877e-06   1.5599e-06   1.4272e-06   1.2897e-06   1.1474e-06   1.0003e-06   8.4829e-07   6.9151e-07   5.2990e-07   3.6346e-07   1.9221e-07   1.6125e-08  -1.6478e-07  -3.5051e-07  -5.4107e-07  -7.3645e-07  -9.3665e-07  -1.1417e-06  -1.3515e-06  -1.5662e-06
 4.5620e-06   4.5512e-06   4.5334e-06   4.5083e-06   4.4762e-06   4.4368e-06   4.3904e-06   4.3367e-06   4.2760e-06   4.2080e-06   4.1330e-06   4.0507e-06   3.9614e-06   3.8648e-06   3.7612e-06   3.6503e-06   3.5323e-06   3.4072e-06   3.2749e-06   3.1355e-06   2.9889e-06   2.8352e-06   2.6743e-06   2.5063e-06   2.3311e-06   2.1488e-06   1.9593e-06   1.7627e-06   1.5589e-06   1.3480e-06   1.1299e-06   9.0468e-07   6.7230e-07   4.3277e-07   1.8609e-07  -6.7742e-08  -3.2872e-07  -5.9685e-07  -8.7213e-07  -1.1546e-06  -1.4441e-06  -1.7409e-06  -2.0448e-06  -2.3558e-06  -2.6740e-06
 5.8635e-06   5.8491e-06   5.8251e-06   5.7916e-06   5.7485e-06   5.6958e-06   5.6336e-06   5.5617e-06   5.4803e-06   5.3893e-06   5.2887e-06   5.1785e-06   5.0588e-06   4.9295e-06   4.7906e-06   4.6421e-06   4.4840e-06   4.3164e-06   4.1392e-06   3.9524e-06   3.7560e-06   3.5500e-06   3.3345e-06   3.1094e-06   2.8747e-06   2.6304e-06   2.3765e-06   2.1131e-06   1.8401e-06   1.5575e-06   1.2653e-06   9.6356e-07   6.5223e-07   3.3132e-07   8.2607e-10  -3.3925e-07  -6.8890e-07  -1.0481e-06  -1.4169e-06  -1.7953e-06  -2.1833e-06  -2.5808e-06  -2.9880e-06  -3.4047e-06  -3.8310e-06
 7.2203e-06   7.2022e-06   7.1719e-06   7.1295e-06   7.0750e-06   7.0084e-06   6.9296e-06   6.8388e-06   6.7358e-06   6.6208e-06   6.4936e-06   6.3543e-06   6.2029e-06   6.0394e-06   5.8638e-06   5.6760e-06   5.4762e-06   5.2642e-06   5.0401e-06   4.8040e-06   4.5557e-06   4.2952e-06   4.0227e-06   3.7381e-06   3.4413e-06   3.1325e-06   2.8115e-06   2.4784e-06   2.1332e-06   1.7759e-06   1.4065e-06   1.0250e-06   6.3131e-07   2.2555e-07  -1.9232e-07  -6.2230e-07  -1.0644e-06  -1.5186e-06  -1.9849e-06  -2.4634e-06  -2.9539e-06  -3.4566e-06  -3.9713e-06  -4.4982e-06  -5.0372e-06
 8.6326e-06   8.6105e-06   8.5736e-06   8.5220e-06   8.4556e-06   8.3745e-06   8.2786e-06   8.1680e-06   8.0427e-06   7.9026e-06   7.7477e-06   7.5781e-06   7.3937e-06   7.1946e-06   6.9808e-06   6.7522e-06   6.5088e-06   6.2508e-06   5.9779e-06   5.6903e-06   5.3880e-06   5.0709e-06   4.7391e-06   4.3925e-06   4.0311e-06   3.6551e-06   3.2642e-06   2.8586e-06   2.4383e-06   2.0032e-06   1.5534e-06   1.0889e-06   6.0954e-07   1.1547e-07  -3.9335e-07  -9.1691e-07  -1.4552e-06  -2.0083e-06  -2.5761e-06  -3.1586e-06  -3.7560e-06  -4.3680e-06  -4.9948e-06  -5.6364e-06  -6.2927e-06
 1.0100e-05   1.0074e-05   1.0030e-05   9.9691e-06   9.8904e-06   9.7942e-06   9.6805e-06   9.5494e-06   9.4007e-06   9.2346e-06   9.0510e-06   8.8499e-06   8.6313e-06   8.3952e-06   8.1416e-06   7.8706e-06   7.5820e-06   7.2760e-06   6.9524e-06   6.6114e-06   6.2529e-06   5.8769e-06   5.4835e-06   5.0725e-06   4.6441e-06   4.1981e-06   3.7347e-06   3.2538e-06   2.7554e-06   2.2395e-06   1.7061e-06   1.1553e-06   5.8691e-07   1.0692e-09  -6.0226e-07  -1.2231e-06  -1.8614e-06  -2.5172e-06  -3.1904e-06  -3.8812e-06  -4.5895e-06  -5.3152e-06  -6.0584e-06  -6.8191e-06  -7.5974e-06
 1.1623e-05   1.1593e-05   1.1542e-05   1.1471e-05   1.1379e-05   1.1267e-05   1.1135e-05   1.0983e-05   1.0810e-05   1.0617e-05   1.0403e-05   1.0170e-05   9.9155e-06   9.6410e-06   9.3462e-06   9.0311e-06   8.6957e-06   8.3399e-06   7.9638e-06   7.5673e-06   7.1505e-06   6.7134e-06   6.2560e-06   5.7782e-06   5.2801e-06   4.7617e-06   4.2229e-06   3.6638e-06   3.0844e-06   2.4847e-06   1.8646e-06   1.2242e-06   5.6343e-07  -1.1765e-07  -8.1905e-07  -1.5408e-06  -2.2829e-06  -3.0453e-06  -3.8280e-06  -4.6310e-06  -5.4544e-06  -6.2981e-06  -7.1622e-06  -8.0466e-06  -8.9513e-06
 1.3202e-05   1.3167e-05   1.3109e-05   1.3027e-05   1.2922e-05   1.2794e-05   1.2643e-05   1.2468e-05   1.2271e-05   1.2049e-05   1.1805e-05   1.1537e-05   1.1246e-05   1.0932e-05   1.0595e-05   1.0234e-05   9.8498e-06   9.4425e-06   9.0118e-06   8.5579e-06   8.0808e-06   7.5803e-06   7.0566e-06   6.5096e-06   5.9393e-06   5.3458e-06   4.7289e-06   4.0888e-06   3.4254e-06   2.7387e-06   2.0288e-06   1.2956e-06   5.3909e-07  -2.4068e-07  -1.0437e-06  -1.8701e-06  -2.7197e-06  -3.5925e-06  -4.4887e-06  -5.4081e-06  -6.3508e-06  -7.3168e-06  -8.3061e-06  -9.3186e-06  -1.0354e-05
 1.4835e-05   1.4796e-05   1.4730e-05   1.4638e-05   1.4520e-05   1.4375e-05   1.4204e-05   1.4006e-05   1.3782e-05   1.3532e-05   1.3256e-05   1.2953e-05   1.2624e-05   1.2269e-05   1.1887e-05   1.1479e-05   1.1044e-05   1.0584e-05   1.0097e-05   9.5833e-06   9.0437e-06   8.4776e-06   7.8853e-06   7.2666e-06   6.6216e-06   5.9503e-06   5.2527e-06   4.5287e-06   3.7784e-06   3.0017e-06   2.1988e-06   1.3695e-06   5.1390e-07  -3.6803e-07  -1.2763e-06  -2.2109e-06  -3.1718e-06  -4.1590e-06  -5.1726e-06  -6.2125e-06  -7.2787e-06  -8.3713e-06  -9.4901e-06  -1.0635e-05  -1.1807e-05